0.0478609 0.491787 0.758071 0.519568 0.32292
0.738662 0.968536 0.670274 0.0232339 0.910678
0.244387 0.36048 0.92824 0.283384 0.355881
0.898843 0.203957 0.259218 0.612972 0.807515
0.249287 0.994608 0.657424 0.655432 0.952196
0.000889348 0.366198 0.386709 0.724086 0.104305
0.708693 0.771946 0.596092 0.466764 0.291514
0.919012 0.205427 0.260051 0.589286 0.228661
0.170729 0.833673 0.589141 0.0989689 0.117056
0.945021 0.997812 0.321013 0.20424 0.610784
0.128528 0.453526 0.605392 0.785952 0.108958
0.557588 0.786841 0.475157 0.944297 0.510927
0.579461 0.65299 0.282873 0.175553 0.119754
0.574387 0.0945645 0.325181 0.834438 0.68385
0.553842 0.00516675 0.517523 0.142982 0.104136
0.634579 0.0880038 0.101948 0.955592 0.292243
0.712732 0.0841203 0.745769 0.318123 0.870072
0.854728 0.875711 0.656913 0.329884 0.820008
0.16784 0.909346 0.472998 0.450713 0.0848986
0.592752 0.0250998 0.179463 0.917933 0.859538
