0.710763 0.731591 0.328204 0.151665 0.737499
0.0185713 0.49543 0.0816465 0.761408 0.864505
0.10253 0.884755 0.944748 0.584962 0.58123
0.813631 0.0991164 0.672242 0.562937 0.793106
0.221543 0.529701 0.663748 0.0198635 0.781859
0.327819 0.514639 0.849865 0.840656 0.119948
0.353954 0.551419 0.85154 0.682158 0.703084
0.589038 0.700729 0.198514 0.670685 0.462137
0.0630187 0.773215 0.346892 0.00776687 0.358177
0.928122 0.821398 0.457293 0.600364 0.384335
0.250399 0.821907 0.914037 0.914147 0.84177
0.695895 0.241967 0.356409 0.54576 0.0826227
0.476357 0.899714 0.634041 0.327897 0.581872
0.337125 0.916935 0.282602 0.535639 0.58762
0.744739 0.598658 0.360834 0.091631 0.606425
0.719011 0.0197531 0.427823 0.176304 0.620117
0.812158 0.426703 0.442024 0.726195 0.340851
0.283794 0.42209 0.582817 0.640202 0.96785
0.66544 0.11656 0.867564 0.299482 0.444456
0.449436 0.636607 0.361391 0.732038 0.172246
0.949011 0.476777 0.770904 0.309845 0.568408
0.377329 0.0288563 0.588161 0.805152 0.205161
0.208278 0.61731 0.631864 0.650302 0.343504
0.972714 0.934095 0.765594 0.555532 0.574298
0.733444 0.220972 0.690857 0.601008 0.520454
0.135314 0.0504449 0.157061 0.496705 0.782483
0.329307 0.445716 0.25926 0.100211 0.755561
0.827668 0.477539 0.784417 0.415829 0.282691
0.989578 0.624107 0.9 0.621442 0.274409
0.243505 0.594156 0.208504 0.00909868 0.149688
0.782802 0.742543 0.37066 0.473659 0.343551
0.891114 0.608972 0.393996 0.0481742 0.105677
0.176479 0.377481 0.551393 0.435739 0.477692
0.306954 0.263407 0.955231 0.0913711 0.679236
0.237922 0.0809488 0.303343 0.137922 0.70239
0.577751 0.381426 0.296547 0.786255 0.390525
0.446235 0.569057 0.133068 0.816895 0.0427156
0.47662 0.708008 0.651688 0.870616 0.756182
0.757365 0.0470953 0.133663 0.308758 0.482835
0.611355 0.615712 0.746242 0.566586 0.707083
0.425477 0.804507 0.788032 0.72882 0.942429
0.490422 0.306572 0.323856 0.786969 0.0928269
0.714381 0.233203 0.661884 0.847449 0.050098
0.704599 0.324069 0.758106 0.356287 0.194685
0.514288 0.113652 0.24178 0.647952 0.422411
0.724615 0.259307 0.0381224 0.470856 0.825893
0.745205 0.896334 0.6304 0.533237 0.625154
0.57283 0.0236595 0.931726 0.896686 0.810628
0.0245524 0.611067 0.0438317 0.686436 0.458516
0.0939297 0.391035 0.782585 0.852036 0.747323
0.97727 0.366324 0.860975 0.21905 0.0142761
0.283386 0.943664 0.273583 0.321508 0.414521
0.0994757 0.0667134 0.310854 0.729876 0.599951
0.936008 0.302706 0.62361 0.867734 0.199391
0.434238 0.892286 0.810458 0.47807 0.578722
0.268973 0.572 0.969758 0.0515581 0.424036
0.71708 0.0288277 0.79036 0.578055 0.247877
0.804636 0.861441 0.191542 0.0782189 0.182949
0.606062 0.177695 0.249662 0.916916 0.907571
0.849613 0.852924 0.210276 0.473223 0.720658
0.409667 0.907461 0.612944 0.220125 0.385531
0.191666 0.489098 0.957531 0.161424 0.540657
0.381567 0.878504 0.569484 0.171927 0.456559
0.817362 0.976562 0.318 0.00890322 0.0547814
0.500949 0.614965 0.232476 0.750611 0.531882
0.140047 0.600224 0.384806 0.350323 0.0734466
0.105464 0.75999 0.980908 0.718409 0.980115
0.366439 0.910075 0.469214 0.32397 0.0714987
0.00987031 0.705537 0.950003 0.579355 0.877464
0.406562 0.396716 0.854026 0.724562 0.405619
0.908807 0.22551 0.0205848 0.141284 0.976121
0.552467 0.28133 0.576345 0.937273 0.631653
0.649792 0.0427371 0.391644 0.6307 0.761146
0.371759 0.997139 0.671221 0.840973 0.321109
0.742719 0.850843 0.0266464 0.692722 0.430197
0.90411 0.0992838 0.826914 0.758136 0.823846
0.232533 0.666943 0.049356 0.253118 0.808227
0.0254773 0.805584 0.0895572 0.601822 0.742857
0.72121 0.251614 0.785594 0.112854 0.882314
0.54674 0.484613 0.879453 0.21796 0.325585
0.200562 0.960679 0.176428 0.227208 0.653401
0.606626 0.131318 0.752685 0.433539 0.889454
0.576531 0.666072 0.556398 0.625887 0.91919
0.364625 0.651364 0.724774 0.454182 0.253186
0.467631 0.175392 0.504801 0.253225 0.288246
0.387114 0.799965 0.772859 0.266567 0.0179252
0.0984447 0.467129 0.978605 0.274873 0.694337
0.632006 0.881499 0.825655 0.384691 0.315038
0.715109 0.961222 0.98111 0.271507 0.587109
0.9003 0.636131 0.238473 0.625074 0.0903129
0.491659 0.0927053 0.265705 0.99646 0.34593
0.553952 0.383574 0.145895 0.326811 0.65014
0.163821 0.425255 0.117269 0.142425 0.700129
0.811606 0.774431 0.581627 0.637261 0.159123
0.896665 0.35237 0.120345 0.877776 0.623876
0.707453 0.778076 0.260007 0.945926 0.40315
0.35032 0.437585 0.495856 0.616026 0.434044
0.841786 0.169977 0.817618 0.987681 0.496788
0.467758 0.151502 0.922043 0.585027 0.293927
0.622172 0.396633 0.0683588 0.203799 0.0338939
0.227481 0.100465 0.386264 0.347826 0.97824
0.01014 0.0552791 0.756316 0.270147 0.00120482
0.159467 0.620468 0.43879 0.655322 0.236493
0.872834 0.497108 0.406471 0.690452 0.48479
0.903259 0.15821 0.636292 0.825302 0.743238
0.930219 0.447474 0.139871 0.998578 0.651273
0.173765 0.226059 0.751738 0.560028 0.573885
0.729978 0.570168 0.629164 0.486295 0.840316
0.630369 0.645761 0.460784 0.0691586 0.301083
0.697277 0.941992 0.798191 0.103748 0.632444
0.282981 0.00700603 0.790654 0.919273 0.832308
0.533892 0.849492 0.279782 0.673763 0.84807
0.931055 0.847528 0.0741288 0.682793 0.407556
0.648014 0.412771 0.977724 0.277178 0.899066
0.81804 0.907547 0.544827 0.278824 0.976706
0.84591 0.976101 0.918698 0.644102 0.0798482
0.551142 0.927083 0.0868542 0.341797 0.846355
0.919162 0.875689 0.695847 0.198944 0.549451
0.543917 0.129999 0.396979 0.618045 0.812792
0.804535 0.266059 0.225563 0.782259 0.543238
0.124629 0.600299 0.450785 0.669456 0.879123
0.427491 0.515366 0.855224 0.346189 0.159468
0.935072 0.897332 0.0865505 0.0219262 0.239128
0.932906 0.941088 0.114817 0.628753 0.140033
0.664268 0.172669 0.270032 0.0612471 0.790715
0.0828239 0.865782 0.0567741 0.308387 0.648041
0.600012 0.433016 0.24834 0.0507965 0.102472
0.127463 0.478287 0.617839 0.982687 0.824476
0.777307 0.917759 0.721808 0.863857 0.939685
0.960936 0.796763 0.880774 0.0757532 0.425516
0.0208065 0.740021 0.598185 0.290838 0.801269
0.3889 0.373662 0.66705 0.445674 0.682049
0.315092 0.0456857 0.115066 0.563432 0.0964822
0.217538 0.690895 0.574769 0.835377 0.673583
0.399246 0.612683 0.591342 0.121054 0.47654
0.531027 0.08199 0.273303 0.411801 0.157743
0.698819 0.432608 0.897765 0.297004 0.723446
0.699033 0.685904 0.0971082 0.366084 0.131578
0.779158 0.681175 0.177264 0.894223 0.244607
0.273746 0.111761 0.935503 0.848516 0.947138
0.609085 0.247762 0.559822 0.200427 0.368816
0.036362 0.731455 0.450806 0.309665 0.143256
0.608549 0.00848462 0.575864 0.506313 0.305489
0.29931 0.205347 0.991393 0.396418 0.57143
0.122972 0.175576 0.252606 0.300236 0.0697993
0.497213 0.573983 0.181561 0.432716 0.422499
0.128699 0.0418013 0.67026 0.68852 0.242229
0.0390758 0.724882 0.973684 0.489881 0.0345479
0.11694 0.0984301 0.0430325 0.692804 0.604744
0.348522 0.992114 0.81009 0.339915 0.388532
0.381521 0.462887 0.564108 0.634127 0.763123
0.633907 0.13134 0.337106 0.815468 0.564055
0.759604 0.944167 0.605857 0.429864 0.632687
0.848085 0.46894 0.35757 0.821769 0.958821
0.392118 0.938709 0.0572515 0.43515 0.631512
0.661995 0.783672 0.623626 0.472085 0.123587
0.0121576 0.853606 0.586474 0.576265 0.487733
0.349597 0.210172 0.619072 0.686702 0.02564
0.183128 0.446306 0.969807 0.788984 0.876171
0.602494 0.63707 0.345111 0.960063 0.458839
0.303932 0.352181 0.397547 0.361184 0.787331
0.0290594 0.0231789 0.571002 0.652685 0.495264
0.694589 0.664843 0.34887 0.281063 0.241108
0.836603 0.630659 0.451281 0.455675 0.317361
0.47692 0.638803 0.763668 0.446727 0.427787
0.639838 0.0492208 0.0648572 0.984949 0.00928406
0.523696 0.288882 0.361465 0.921243 0.650065
0.148796 0.950303 0.673244 0.719798 0.602988
0.168508 0.414387 0.267831 0.517379 0.69545
0.508939 0.353982 0.326109 0.960219 0.809657
0.64347 0.43714 0.448461 0.407138 0.883867
0.876248 0.0469766 0.933088 0.941105 0.0319259
0.942372 0.464801 0.320807 0.303837 0.386044
0.970873 0.452632 0.336347 0.644117 0.172431
0.939334 0.812625 0.586818 0.207165 0.330004
0.282268 0.716104 0.683986 0.608377 0.676323
0.493644 0.251847 0.113463 0.942104 0.658985
0.99733 0.818352 0.705962 0.930418 0.759457
0.737888 0.872789 0.224258 0.0586953 0.176626
0.610302 0.029568 0.629258 0.946649 0.673685
0.801689 0.885983 0.48631 0.388507 0.0931482
0.816314 0.670774 0.809252 0.500301 0.279151
0.485575 0.993944 0.530998 0.599038 0.936048
0.189984 0.596368 0.7544 0.895946 0.526785
0.513857 0.633834 0.399575 0.738116 0.692529
0.5762 0.348418 0.722097 0.205459 0.295067
0.395782 0.00714744 0.18105 0.882092 0.395654
0.274198 0.698406 0.0664283 0.0834503 0.198707
0.345579 0.569025 0.192651 0.876578 0.168063
0.128699 0.0665615 0.764431 0.883099 0.962507
0.291216 0.396957 0.596341 0.690791 0.135072
0.28887 0.266991 0.48349 0.0109673 0.47245
0.778557 0.406749 0.479597 0.959607 0.288841
0.875251 0.233806 0.987248 0.94168 0.317256
0.185955 0.287259 0.886281 0.378606 0.163837
0.0543446 0.507305 0.230398 0.818776 0.390405
0.192905 0.109992 0.787361 0.789247 0.800783
0.922434 0.0781169 0.0677739 0.405924 0.0890842
0.540224 0.184482 0.495834 0.0198213 0.144089
0.784675 0.895073 0.377895 0.771923 0.836752
