1.28941 2.63958 3.02404 2.43283 0.441352
3.12028 0.721898 0.242396 4.21093 1.43074
0.37591 2.84651 3.53012 3.66418 0.355289
0.818912 4.70068 1.25762 1.63823 4.75651
3.21312 3.84768 2.72751 1.7081 4.13318
3.8683 1.88892 2.40712 0.727809 1.79618
1.47024 2.01722 4.43576 4.49428 4.45005
4.87712 2.61456 0.171948 0.119512 1.82549
1.60269 0.495422 4.67201 0.132804 4.1596
0.027295 0.951716 3.86028 1.28492 2.58995
3.61679 4.49804 1.43763 1.3443 1.20615
0.570804 0.212601 3.09507 2.97793 0.940411
4.89125 4.44817 2.95763 4.32702 3.94245
2.40768 4.20413 1.55701 2.57963 4.32364
3.3825 4.18232 4.81906 3.05451 4.31512
3.97866 3.0818 0.266839 2.83895 4.36672
2.85679 1.45574 3.86476 4.29442 2.80004
0.0709092 4.86522 3.01265 3.16598 2.84315
3.95306 3.05723 2.29132 1.91069 2.38425
1.23377 4.31837 1.58838 2.79078 1.898
0.912019 1.17328 1.08032 0.731084 4.22779
0.395446 4.70975 2.3096 0.662285 2.5487
1.67632 3.51907 4.00444 0.541081 2.81349
1.80448 0.61199 2.67871 4.81713 3.77797
0.521854 3.77018 1.8352 2.81317 0.680875
4.21944 4.04694 4.99925 0.807818 1.83772
1.89725 1.71984 3.011 2.97758 2.45092
2.2388 3.37302 2.16067 4.54839 4.03531
4.70937 1.22471 2.55438 3.7138 1.76579
0.367866 0.518283 2.37778 3.04657 0.33541
1.15575 3.56843 4.10559 2.99094 1.3816
4.78647 2.21039 0.42854 4.78572 3.0182
2.26626 1.68297 4.73804 0.277264 4.66055
2.18896 2.51606 3.03357 4.34963 2.06445
2.06887 4.059 3.28916 4.62325 2.7728
0.0549473 4.99112 3.29108 2.43273 3.03769
3.62649 3.58847 1.60612 2.73209 1.57942
2.98772 2.51856 3.7898 3.41626 2.30428
1.80801 0.682521 3.98725 1.54605 0.959785
3.64779 3.73501 3.47584 1.68136 3.08465
0.540294 3.75023 2.14364 3.82945 3.37349
4.91645 3.8844 3.36461 3.20753 1.31713
1.4023 1.83402 4.9056 3.00842 4.56611
1.48501 0.996141 2.08467 0.274815 4.4124
4.38894 2.08282 0.0949234 3.37619 3.62887
1.05471 2.02398 2.36388 4.53055 3.70534
0.448523 0.0708457 2.45558 2.59217 3.9003
0.829064 2.50861 2.7847 4.19367 0.716143
4.10182 0.595969 2.55017 4.00742 3.60439
2.11628 0.492435 4.60053 4.20094 0.76725
4.01293 3.58989 2.85007 4.10786 1.96608
1.47894 0.162564 3.99006 3.84282 4.69312
2.6954 4.29134 4.76396 0.150977 1.88351
3.66426 0.98004 4.39212 1.44896 0.17371
0.108265 0.550781 0.769679 2.65843 4.5582
4.37407 4.77471 0.0506371 3.9746 3.97565
0.817888 2.98753 2.56554 3.66796 2.09539
4.53161 0.146897 2.25795 3.52167 3.98971
1.95107 1.21707 3.28105 1.71503 1.36805
0.164563 0.379289 2.34809 4.55669 1.82825
2.5218 4.66495 2.37903 3.29148 2.32338
1.93723 2.66555 2.09809 1.98787 1.64014
1.07373 2.80575 4.62768 3.63927 1.47371
1.72306 3.17088 1.62061 3.98101 1.69256
0.610324 0.932083 2.90963 3.89138 2.64711
4.27768 4.05594 3.0264 1.62577 3.61263
4.85465 4.14757 3.27758 2.23368 2.43904
0.600958 4.17091 0.10459 2.69904 1.15877
1.74474 3.77278 3.96453 1.37241 2.41205
0.438239 3.09547 0.582934 2.05885 2.07649
2.27549 2.66917 3.00857 0.185118 1.56055
0.655684 4.46279 0.616494 3.68209 1.08856
4.22912 3.53673 0.236126 2.5067 0.77041
2.67517 3.10766 4.94132 2.77976 0.806701
1.10009 4.5245 4.57948 0.064613 0.896907
1.99153 0.502852 3.99238 2.57446 2.5617
1.06887 4.84995 0.230873 4.07744 0.0350725
1.79142 4.73313 4.49787 2.40792 3.41521
0.586428 1.63704 1.95195 0.822555 4.14374
2.72236 3.49772 2.2514 2.66367 1.27748
3.0581 3.76376 0.80198 2.63758 3.82837
1.69889 4.62911 4.33122 0.691268 2.20357
1.89292 1.76014 2.05353 2.1238 0.837581
2.0886 3.91522 0.570707 1.58647 1.32314
3.98592 2.17289 2.96018 0.937866 2.99545
2.10392 3.66022 1.49317 4.35532 1.32389
2.77066 2.41342 0.0876538 3.57264 0.0509969
3.91603 0.271526 4.68011 3.24725 0.962794
1.88368 0.140173 2.72293 3.93721 2.26397
3.56051 1.0258 1.17919 4.13122 2.61227
2.50233 3.11714 4.78517 0.46251 4.05501
2.78062 2.56643 2.71523 4.27379 1.92175
4.03912 2.04445 4.33517 4.12678 0.617088
4.38616 3.0428 0.888614 4.06627 1.29005
1.85141 0.949947 1.43023 4.57434 4.88715
3.6942 3.13485 0.912957 4.87339 2.26608
3.52523 2.37572 0.383215 3.31039 2.83823
4.43822 1.09101 0.404657 2.15345 0.364799
2.32641 1.19257 2.40925 1.66157 0.319348
3.02633 1.04774 3.36215 3.91495 0.114005
4.6522 0.766358 1.06395 1.08243 0.340699
0.951105 4.77662 3.47555 1.86406 4.65001
0.741629 0.389289 2.02573 1.12484 3.69968
4.86395 0.563064 4.79069 0.268611 2.71651
0.155491 2.59502 3.90908 2.56474 4.25659
4.22843 0.591073 0.304325 2.59058 4.50602
0.41833 2.24278 0.27238 1.48228 3.32521
0.613079 2.43339 3.10184 4.08863 4.29745
2.75185 4.83026 4.68674 4.77757 0.955105
3.38642 4.64153 1.51817 3.17711 4.91014
4.23468 3.33261 2.50515 3.14376 0.897344
1.76174 2.3722 1.48842 2.06607 4.96278
0.99444 2.4844 2.20556 1.26682 3.96668
0.530773 1.8799 1.40007 3.63261 0.968533
0.697516 1.38446 0.798794 0.384254 1.16203
1.7539 3.77068 0.803555 3.27207 1.94779
0.713693 2.50675 0.280395 3.21885 0.650514
1.17774 4.98059 3.02271 2.66616 2.04666
2.98549 3.6606 4.53106 0.191047 4.92742
3.49774 0.72182 1.80732 4.8978 4.35443
2.77585 0.59532 0.738884 3.57464 0.979574
1.90091 0.328541 4.75025 2.70447 3.60061
1.69804 3.41816 1.10736 1.97844 1.63701
1.75787 3.15617 1.6176 4.78058 0.822331
3.66426 2.76607 4.48293 3.19531 2.95711
4.41034 1.69305 3.67893 1.21766 1.59085
3.03336 3.99351 2.18617 3.77225 2.56815
3.16575 0.67316 2.89669 2.916 3.37763
1.4973 4.61404 1.79579 2.60466 1.59247
3.4328 4.36253 4.74865 0.0503959 4.14311
0.570977 3.71465 1.90918 0.0539035 1.90996
4.86629 4.46425 3.60301 3.54523 0.681905
0.193866 1.57859 4.67541 2.38004 0.350838
2.24356 0.545784 1.024 0.140252 3.46178
4.40163 1.63755 3.07581 1.19742 4.24221
4.66829 4.63021 3.60474 4.41693 4.68061
2.74785 4.98791 3.39526 4.65703 0.0418117
0.305226 4.52332 4.50606 3.90824 3.06855
0.187964 4.10211 4.64714 4.86338 1.48214
4.99798 2.10694 2.02793 1.02198 2.24719
0.489706 0.423605 3.88474 3.56552 1.62102
3.12695 3.23381 1.25123 1.73169 2.65074
0.931841 4.47954 2.63865 4.3271 4.13657
2.68046 4.63233 3.6599 2.18652 3.54057
1.72845 2.37448 2.64267 1.37559 2.23786
4.12481 1.37357 4.34479 1.15274 2.39555
1.59198 1.64245 2.81916 0.476724 0.207967
4.44018 3.60368 3.44177 0.69141 0.335368
1.09251 1.62325 4.81491 3.73116 0.950352
3.95149 1.41162 0.582679 2.61139 3.59813
4.12325 4.33984 0.972614 1.76592 0.715431
3.21047 0.890731 2.08901 2.55526 2.04347
4.48456 4.14725 3.68592 2.30372 4.62397
3.89389 1.74389 3.22765 2.33566 2.4353
3.56302 3.42817 4.05855 3.37793 2.15933
0.00890506 2.32942 3.57095 0.591584 4.9408
2.16908 4.71483 4.28064 3.1417 1.48075
4.99607 1.35217 2.37148 2.08508 3.90743
4.41495 1.56964 3.05468 3.10087 3.87335
2.67865 1.99476 0.617245 0.906299 4.33042
3.05255 4.46932 2.75859 2.1111 2.84724
4.91792 2.12001 0.17666 3.48887 2.71159
0.117462 0.657955 2.42642 4.3981 3.79965
3.90717 4.39417 0.151822 1.27864 1.47925
4.05925 0.693592 3.04889 2.11393 3.79446
1.92224 4.79259 0.789216 2.53948 0.698885
0.119632 0.592031 0.1682 2.87822 2.70313
3.01544 2.79614 4.82314 3.1921 1.28501
2.53473 3.30957 1.94297 4.96115 2.70767
0.742621 3.86832 2.10184 0.894443 0.146959
3.58109 4.9537 0.840552 1.62998 2.06763
4.63501 3.55222 1.86022 0.424229 1.0917
2.5591 0.543861 1.68373 2.7273 3.42208
4.38686 0.742746 1.21822 4.21 3.93485
2.50324 1.74473 2.24441 4.44621 1.70588
4.95208 0.188826 0.574201 2.05392 1.08327
0.721161 0.635017 1.03697 1.56171 2.26499
3.1046 1.19673 0.81721 4.96482 1.62095
1.90891 2.52392 2.16481 3.59264 0.251221
0.586896 2.9795 0.993966 1.80512 2.18951
4.92882 4.30836 3.93424 2.17323 3.75456
0.640124 2.12531 3.94339 1.21433 4.17924
0.0266577 1.93549 4.81425 1.06362 3.4972
2.07925 4.16822 4.69392 2.89646 4.13304
1.31488 4.80537 1.65696 3.47969 3.39801
1.90818 4.06659 1.37751 2.90214 0.87171
3.56701 2.83096 0.180066 2.50125 0.00418965
3.93463 3.14138 2.1295 2.87802 4.3557
1.30874 2.90467 1.29119 1.12299 3.9683
4.78839 3.20224 3.13652 4.48231 1.0987
2.26956 0.797192 0.904067 3.92652 4.27689
4.30207 0.834695 3.34348 0.679582 3.73684
4.21519 4.2466 1.5678 4.39525 1.74785
1.57199 3.32988 4.88922 3.70149 1.2079
4.24493 0.0102295 4.11257 0.536115 1.13322
3.08087 0.324503 4.33546 1.21739 4.80682
0.434163 3.48695 0.604008 1.33823 2.41347
4.88089 0.640304 3.24816 3.22437 1.31989
1.985 2.43955 0.566481 3.5528 1.83481
2.31433 0.124786 0.164686 2.20355 3.82628
